1000111111111111000000001111111100110000000111111100000111111001111100000011111111111111000000011111
1000111110011111100000001111111100110000001111110000000011111011110000000011111111111111110000011111
1001111110000111100000011111111110011111111111110001000000000011100000000111111101111111111000011111
1111111100100111100000011111111111111111111111100001100000000011000000000111111001111000011110001111
1111111111110011100000111111111111111111111111100000000000000000011111111111111001110000011110001111
1111111111110011100011110111111111111111111111100000000000000000011111111111111001111100111011001011
1111000011110011100011111111111111111111111111000000000000000000011111111111111000011111111111111111
1110000011100011000111111111111111111111110000000000000000000000011111111111111000001111111111111111
1110000011000011001111111110111111111111110000000000000000000000011111111111111000011111111111111111
1110000000000000000111111101111111111111110000000000000000011111011111111100111111111111111111111111
1100000000000000000111111111111111110111110000000000001000001111111111110000111111111111111111000011
1100000000000000000001111111111111110000100001110000001000000011111111100000100111100011111111000011
1000011111000100000001111111111111110000000111100000000000000001111111100000000000000001111100000111
0000011111000100100011111111111111100000011111100000000000000000000000000000000000000000000100000111
1000011111000100001111111111111111110000011111100000111100000000000000000000000000000000000000000111
1000011111000010001111111111111111110000001101100001111111000000010010000000000000000000000000000111
1000000111000000001110000001111111100000001111100001111111110000000011000000010000000000000000000011
1000000111000011101110001111111111100000000111100001111111011110000011000000011000000011111100000011
1000000000000011100000001111111111100000000011110001111111011110010011000000011100011111111100000011
1111111000000001100000001111111111000000001111110000010011111111110011000000011111111111100000000111
1111111111000001100000001111111111111110001111111100000011111111110011100000011111111110000000000111
1111111111000001111000011111100111111110001111111100000011111011111011111000001110111110000000011111
1111111111000001111000111111000111111100001111111100000001111111111111110000001100111100000000001111
1111111111000111111100011111001111111101111111111100000001111011111111110000111100000000000000000011
1111011111000111111111011111001111111111111111111100000011111111111111110000111100000000000000000000
1111111110000111111111000000000100001111111111001000000011111111111111110000111100000000100000010000
0111111111000011111110000000110100000111111111000000000011111111111111110000111110000001111001110000
0111111111111111111100000000110110000110000111000000000111111111111111110001111111000001111111110000
0111111100111111111100000000011111000110000110000000000011111111111111110001111111000011111011111110
1111111100111111111100000000011111000111001110000000000000011111100011110001111111110111111111111111
1111111000111111111100000000111100000111001111000000000000000111000011110001111111111111111111111111
1100111000001111111110100001111100011111001111000000101110000111000011111001111111101101111111111111
1111111000000011111110000001111111111111011111100011111110000111000111111000011111111111111111111111
1111100000000001111110000111111111111111111111100011111111000111101110000000001111011111000001111101
1111000000000001111100000011111111111111111111100111111111001111111000000000000011111110000000001111
1110000000000001111000000011111111111111111111100111111111001111111000001000000001111110000000000110
1100001000000001111000100011111110000011111111000111111111001111111000111001111101111110000110000111
1100001111000000111000000011111110000011111010000111111110001111110000111001111111111100001111111111
1110001111000000110000000011111110000011111000001111111110000000000000111011111111111100101111111111
1110001111110000000000000011111110000011111000111111111100000000000000111111111111111100000001111111
1100001111100000000000000011111111111000011001111111111111000000011000111111111111111110000011111111
1100001111100000000000000000011111111000011001111111111111000111111000111111111111111111000011111111
1110001111100000101000000000000111000000111111111111111111111111111000011111111111111111000011111011
1111111111111100000000000000000010000001111111111110111111111111111000000111111111111111000001111111
1111111111111100010000001010000001000111111111111111111111111111011000000001111111110111100000110011
1111111111111100000000000000000000011110011111111111100000000010011000000001111111111111000000110111
1111111111111100000100000000000000011000011111101111100000000001111000000001111111111111000001110111
1111111111111100000000000000001110000000011110011111100000000000000000000011111111101111101111111111
1100111111111110000000000000001110010000011110011111110000000000000001000001111111111111111111111111
1100011111111110000000000001111111110000011110011111100000000000000111000000000111111111111111100111
1000011111011110000001001111111111111111000110111111100000000000001111110000000111110000011110000011
1100001111001111100111111111110000111111000111111111100000000000011111110000000111110000011110000011
1100001110000111110111111111000000011111111111111010000000000001111111110000000111110000001110000111
1100001110000011100111111111000000011111111111111100000000000011111111110000000111111111000110001111
1100001111000011100111111111000000011111111111111100000000011000111111110000000111111111100000001111
1110000110000001100000001111000000011111111111111100000000011000001100000000100111111111000010011111
1110000000000001000000001111000000011111110001111100001111111000001100000000000110000111000000111111
1110000000000000000100011111000000000011000001111000011111111000001110000000000000000000000000111111
0001111110000000000001111111000000000011000001111000011111111000001111100000000000000000000001111111
0001111110000000000001111111000011111110000011111000011111111000001110000000000011000000000000111100
0000011111000000000000111110000011111110000011111000111111001111100111000000000011000000000000111100
0000011111000000000000111110000011111110000011111001111110001111111111100111110011000000000000111100
0000010001111001100000110000000011111100000000111000111000000111111111110111110001100000000000111110
1111111111111000100000000000000100000000111000111001111100000001111111100011100000000001111110111111
1111111111111000110000000000000000000001111000111001111100000000011110000000000000000001111111111111
1111111111111000000000000000000000000011111001101111111100000100001110000000000011100001111111111111
1111111111110000000000000000000000000111111111111111110000000100001110000000000011100000011111101111
1100111111111111100000111100000000000111111111101111000000000100011110000010000011110000011111110111
1100001110011110000000111111111001111111111111111110000000111100011111000011000011111000011111011111
1100011110011100000001111111111111111111111111111110000000011100011111110010000011111110111111111111
1110011110000000001111111111111111111111111111111110000110001100111111110000000000111111111111111111
1110011110000000001111111101111111111111100111111110000110001111111100000000000001111111111111111111
1111111111000000111111111100111111111111100000000111100110000011111100000000000001111100000111111111
1111111111100000111111111110111110001111100000000111100111000011111100000011000011111100000011111111
1111111111100000111101111110000000000111111100000111111111000001111100000011111011110000000011111111
1111111111111111111111111110000000000111111110000001111111000011111100000111111111110000000000111110
1101101111111111111111111110000000000111101111100000111111100111111000000111110111110000000000011000
1111100011111111111111111110000000000011111111100000111111110111111000001111110111000001110000000000
1111101111111111111111111110000000000000000011100011111111111111110001111111010111000011110000010000
1111111111111111111111111100000000000000000011110000000000111111100001111111110000000011110000000000
0111111111111111111110000001111100000011000011111100000000011111100000111111110000000011100000000000
0111111111111111111110000011111111110011111111111111110000000111100000111111111111100000000000000000
0111110011100000111110000011111111111111111111111101110000000111100000001111111111110011110000000000
0111100001100000111110000011111111111111101111111001111101111110000000000111111111111111111000111100
0001100000000000111110000011111111111111101111111011111111111100000000000000001111111111111111111110
0000000000000000111000000011111011111111100111111011111101111001111100000000001111111111001111111100
0000000000001001110000000111111111111111100011111111111111110001111100000000000000011110001111011100
0000000111110000000000000111111111100000000011111101111111000001111110000000000000011110001111111110
1000001111110000000000000111111111000000000001111111111111000000111111000000000000000000001111111111
1000011111111000000000000111111110000000000001111111111111000000011111000000001000000000001111111111
1100000000000000011111111111111111000000000001111111111100000000011111100000011100111000111111110111
1110000000000000111111111111110000000000000011110111111100000000001111100000011110111111111111110011
1110000000000000111110111111100000000000001111110011111111011000001111100000001111111111111111110011
1111100000000000111111111111100000000000001111110011111111111111111111100000000001000011101111000111
1111111111110000111111111111000000000000011000000111111111111111111111100000000000000011101111000111
1111111111110001111111111001100000000011000000000111111111111111111111100000110000000011111111000111
1111111111100111111111100000000000000011100000001111111111111100111111100000111111111111111111111111
1101111111000000011110000000000000000001100000111111111111111001111111110001111111111111101111111111
1100011111000000000010001111000001100001000000111110000111110001101111110001111111111111000111111111
1000011111111111000000001111100001110000000000111110000111111001111110000011111111111111000000111111
