1000111111111111100000000111111001111000000000111100000111111001111000000011111110110011100100001111
1000011110000001100000000111111000111000000111100011111010011001111000000011111110111111111100111111
1100111000000001100100001111111000011111110111100011100000010011000000010011111000111111111110000111
1111111000100011110000001111111000011111110111100001000000000011000000011111111111101000011100001111
1111111111110011100000111111111011111110111111100000000000000011001111111111111011111000110000001111
1111110011110011100011110001111111011111111111100000000001001000011011111111111001111101110011011011
1111000011110011001111111111111111111111110001100000100001000000111111111111111001100101110111111111
1110000011110011001111111110001111111111110000000011110000000000011111111111111000001111111110111111
1110000001100011000111111100001111101111110000000000000000010000011111111111110001111111011101111111
1110000001000001000111111000011111001111110000000000001100011110011111111101111111111011111111111011
1000100000000000000111111101111111101111001000000000001110001111111111111001111111111111111111111011
1100100000000010000001111101111110000011000001101001001110000111111111000000000100111011111111110011
1100111110000110000001111111111100000000000011000000001100000000111000000000100000111001111100000000
0100111111010110100011111111111111110000000111100000000000000000011000000000000000000000001100000100
0000111111110100000111111101101111110000011111100000001110000000010110000000000000000000000000100110
0000011111000100001111111001101111000000011101100101111110000100010011000000000000000000000000000110
0000011111000110101100000011111011000100000001110011111110100100000011000000011000000000000000000111
1100000110000011100110000011111111000000000011110001111111111100000011000001111000000001111100000011
1100100000000011100111111111001111000000000011000001111111011100010011100001111111111111111110000011
1111100000010011100000001111001111000011000011100101100011111110110011100001111111110111100000000111
1011100010000111100000111111111111001100001111110000000101110011110011110000011111111111000000001111
1111101111101001110000111111110111011100111111111000000001110001110011111100011110111111000000101111
1111111111000000011110011110011111011101111100111100100001110001100111111100000100111111000000001111
1101111111000011111110011100001111111101111111111100000000000011110111100000000000000000000000000011
1111011100011111111110011100000001111111111111111100000011111111111111000000011100000000000000110000
1110011000001111111111011000011100000011111100001001000111111111111111001000111110000111110001110000
1111111110000011111111000000111100000011110110000000000111111111111111111000111110000111111001110000
0111111111100111111111000000110111000011000000000000000011111111111111110000111110000011101011110100
0111111000011110111000000110111111001110000100000000000011111111110001110000110000000011100011000111
0011111000011110110000000000001111001110000110000000000011000111100001110001110101000111111001100111
1100111000001111110000000000011111001110000111000001000110000111000001110001110111111111111111100111
1110111000001111100111000001111100001111001111000111000110001111000101110101111111000101111111110111
1110010000000000111111100001111111111111011111110111011111101111001111110000000111001100000011110000
1111111100000000011110000111111111011110011111111111111111100011001100000000000110001111000011111100
1111100000000000011100000111111111011111111111101111111111100011111100000000000011111110000000111100
1111000110000001111000111000111111111111111111101111111111101111111100010000000001111100000000010100
1000001110000011111000111001100001100111110011000111111100001111111000000001111001111100001000001111
1110001111000011110000000011111111000011110001000111111100001111110001111101111101111100011111001111
1110001110000001110000000011111111000011110000000111011100001111001001111100111111111100111111111111
1110001111110000010000000111111110000001111001110111111001000000000001111111111111110000100011111111
1110011111110000000000000001111111111000011001111111111011000001100001111111111111110010000001111111
1100000011100000000000000000111111111000110011111111111011000001111000111111111110111111000111111011
0111010111000001111000000000001110000000110000111100111111111111111100111111111111111100000011111011
1111111111111100011100000000000011000001110000111100111111111111111100110011101111111111100001110011
1111111111111100010000011110000011111101111100111111111111111010011000000001111101100111100001110011
1111111111111100000000011111000001111111100111111111100000000000011100000001111111100111100001110011
1101111101111100000100000000001000111000100111010001110000000011110000000011111011000111000000110011
1101111111111100000000000000001110011000000110010011111000000011110000010111111111000111011000011111
0001111111111100000000000011001111010000000111111111111000111011100001110001111111111111111110111111
0000111111011100000000000011101111110010001110001111001100001000000011110011111111111111111111110011
1000011110001111100011001111111111111011001110111111000000000000000111110000000011100000001110000001
1000011110001111100011111111100000000111001111111001000000000000001111110000000111101000001110000001
1110001110001011110111111111000000000111001111111001111000011001111111111000000111111100001110000111
1110001110000011111100111111000000011111111001111001100000011111111111100000000111111110001111000111
1110001111000011100110001111000001011111111000111000000000011000110111100000000110111111100111001111
0110001111000001100110001111000000011111111001111000000000010000110100001000100111111111110111000111
1110000001000000100000000111001101110111110001111100001100110000000100000000000000001111010000001111
1111000001000000100100111111000000000111000011111000011110111000001101110000000100000000000000001111
0111111111001001100101111111000000000000000011100000111110111000000111000000010000000000000011111111
0001111110000001000001111100000001111111100111111001111010111100000001000000011000100000000011111100
0000001110000000000000111100000011111110000000111001111110110110000011100000111011100000000001111100
0000001111110000000000111100100111111110000000111000111000000111000011101110011111100000000001111000
0000011101111000111100111110000111110000000000001000111100000111111111101111100111000000000000001111
1111110011111010111100000010000001110000011111111000111100000001111111101111100000000000111101111111
1111111111000000111100000000000000000000011001111001111100000000101111000000000000000001111111111111
1111111110000000000000000000000000010010111101101101101000000100001110000000000001111000111111110111
1000111111110000000000000000000000000000011111111101100000011100001110000000000011110000011001100011
1100111100111111100001111100000110000011110111100100100111111100001110000001100111110000011111110111
1100000100001111110001111111111001111111110011101100000111001100111111000011100111110000011111011111
1100011110000110000001111111111101111111111111111100000110001101111111010011000000011000011111111111
1100011110000000000001111111111111111111100011111100000110001101101111100000000001111000111111111111
1100011110000000111111111110111110000111100011111110000110000111111100000000000001111100111111111111
1100010111100001111111111100111100001111000000001110000110000111111100000000110011111111000011111111
1100111011110001111111111100011000011110000000000110000111000011111000000011100001111110000001111101
1111111111110000010001111100111000000110010000000110001111000001111100000011100001111100010001111111
0110011111111100010001111100000000000111111111100000111111000001111100000111100001110000000001011111
0000000011111110111110001110000000000111101111100000111111000001101100000111111111110001110001111000
1100000011111111001111111110000000000111111111100011111111110111111000000111100110000001111001110001
0111100011011111001111111110000000000110000011100011111111111111110000111110000100001010111000010001
0111111111111111101111111110000000000000000001100010000001110111100001111111000000000011110000000000
0111101111111111111110000000111110000011100001110010000001110111100000111111110000000011110000000000
1111101011111111111110000001111111110011111111111111111100000111100000111111111111100000100000000000
0000000011110011111110000011111111110011111111110000111100011111100000111111111111100001100000111100
1011100011110000111110000011111111100111001111110001111001111111000001111101001111111111111110111111
0011100000000000111110000011111001101111000111111001111001111110010001000000001011111111011111111110
0000000000001001111110000011111001111111100000110011111101111110111100000000001001111111011111111000
0000000000001001110000000011111011111111100000111111111101110111111100000110000000001100000111011000
0000001110001001100000000011111111110011100100111100111111000001111110000000000000000100000111111000
0000000111101001100000100111101110000000000001111100111111000000001110000000000000000001000111111111
0000111011111000000011111111111110000000000001110111110000000000001110110000011100001000000111111101
1111110000001000011111111111110000000000000000110011110000000100001101110000011110111100011111110001
1111110000000000011110011111100001111000000000100011111000000100011111100000011110111111011111100011
1111000011000001111110011111000000011000011111100011111100000100011111100000001110011111111111000011
1111001111100001111110111101000000000000011111000011111111111111011111000000000000011101100111001111
1111111111111000011111111101100000000000011110000111111111111111111111110000000000000001100110000011
1111111111000111111111000001110000000011000000001111111111111111111111100000110111000001111111100011
1000001000000111111111000100100000000111000000011101111110111001111110110000110111000111111111110011
1110001100000000100111000000000001100011110000111111111111101000111111100001110111111111001110011111
1000111110000000000111011110000001110001110000111111001111111000001111000001111111111111001110011111
0000111111111110000000011111001001110001110000111100001111111000111111000001111110111111001110011111
